gadminid:US-WY -111.056889 40.99461 -104.052245 45.005886
gadminid:US-PA -80.519851 39.719798999999995 -74.68950199999999 42.516072
gadminid:US-OH -84.82030499999999 38.403423 -80.51845399999999 42.327132
gadminid:US-NM -109.050173 31.332172 -103.001964 37.000293
gadminid:US-MD -79.487651 37.886604999999996 -74.986282 39.723037
gadminid:US-RI -71.907258 41.095833999999996 -71.088571 42.0188
gadminid:US-OR -124.703541 41.991794 -116.463262 46.299099
gadminid:US-PR -67.998751 17.831509 -65.168503 18.568002
gadminid:US-WI -92.889433 42.49172 -86.24954799999999 47.309822
gadminid:US-ND -104.05004 45.935072 -96.554411 49.000692
gadminid:US-NV -120.006473 35.001857 -114.039648 42.002207
gadminid:US-GA -85.605165 30.355756999999997 -80.751429 35.000659
gadminid:US-NY -79.76259 40.477399 -71.777491 45.015865
gadminid:US-AR -94.617919 33.004106 -89.644395 36.499749
gadminid:US-KS -102.051769 36.993016 -94.588387 40.003166
gadminid:US-NE -104.053514 39.999932 -95.30829 43.001706999999996
gadminid:US-UT -114.052998 36.997949 -109.04105799999999 42.001618
gadminid:US-AK -179.231086 51.175092 179.859681 71.441059
gadminid:US-MS -91.65500899999999 30.146096 -88.097888 34.996099
gadminid:US-OK -103.002455 33.615787 -94.430662 37.002311999999996
gadminid:US-WV -82.64459099999999 37.20154 -77.71951899999999 40.638801
gadminid:US-MI -90.418392 41.696118 -82.12297099999999 48.306062999999995
gadminid:US-CO -109.060256 36.992424 -102.040878 41.003443999999995
gadminid:US-NJ -75.563586 38.788657 -73.88506 41.357423
gadminid:US-DE -75.789023 38.451132 -74.98416499999999 39.839515999999996
gadminid:US-MT -116.050002 44.358208999999995 -104.039138 49.00139
gadminid:US-WA -124.848974 45.543541 -116.91558 49.002494
gadminid:US-CT -73.727775 40.950942999999995 -71.787239 42.050587
gadminid:US-CA -124.48200299999999 32.528832 -114.131211 42.009516999999995
gadminid:US-KY -89.571203 36.497057999999996 -81.964788 39.147732
gadminid:US-MA -73.50814199999999 41.187053 -69.85886099999999 42.88679
gadminid:US-FL -87.634896 24.396307999999998 -79.974306 31.000968
gadminid:US-ID -117.243027 41.988005 -111.04349500000001 49.001146
gadminid:US-MO -95.774704 35.995683 -89.098968 40.61364
gadminid:US-HI -178.443593 18.86546 -154.75579199999999 28.517269
gadminid:US-AL -88.473227 30.144425 -84.888246 35.008027999999996
gadminid:US-SC -83.353928 32.033454 -78.499301 35.21554
gadminid:US-NH -72.55718499999999 42.696985 -70.57509399999999 45.305476
gadminid:US-SD -104.057739 42.479686 -96.436472 45.945716
gadminid:US-IL -91.51307899999999 36.970298 -87.01993499999999 42.508337999999995
gadminid:US-TN -90.31029799999999 34.982924 -81.6469 36.678255
gadminid:US-IN -88.097892 37.771727999999996 -84.78459199999999 41.761368
gadminid:US-IA -96.639485 40.37544 -90.140061 43.501196
gadminid:US-AZ -114.816591 31.332176999999998 -109.045223 37.004259999999995
gadminid:US-MN -97.23919599999999 43.499361 -89.483385 49.384358
gadminid:US-LA -94.043352 28.855127 -88.758388 33.019543
gadminid:US-DC -77.119759 38.791644999999995 -76.909393 38.995548
gadminid:US-VA -83.675395 36.540759 -75.16643499999999 39.466012
gadminid:US-TX -106.645646 25.837163999999998 -93.508039 36.500704
gadminid:US-VT -73.437905 42.72685 -71.46503899999999 45.016659
gadminid:US-ME -71.083924 42.917125999999996 -66.88544399999999 47.459854
gadminid:US-NC -84.32186899999999 33.752877999999995 -75.400119 36.588156999999995
