geonameid:3448439 -46.364990 -23.395660 -46.809319 -23.784969
geonameid:2988507 2.216784 48.921822 2.485605 48.796009
# manhattan
geonameid:5128581 -74.036094665527003 40.699989318847997 -73.949592590332003 40.770532
geonameid:5128594 -74.036094665527003 40.699989318847997 -73.949592590332003 40.770532
# brooklyn
geonameid:5110302 -74.07971 40.55639 -73.81333 40.75143
geonameid:6941775 -74.07971 40.55639 -73.81333 40.75143
# queens
geonameid:5133266 -73.9630 40.5431 -73.7004 40.8007
geonameid:5133268 -73.9630 40.5431 -73.7004 40.8007
geonameid:3435910 -58.56901550293 -34.823558807373 -58.286590576172 -34.432720184326
geonameid:2950159 13.029870033264 52.303653717041 13.800972938538 52.695087432861
